Generator loss,Critic loss,Gradient Penalty loss
-1.1564598,-3.2415905,0.8602414
3.4689476,-4.7129297,0.8807968
2.7054572,-4.1565104,0.72550875
0.8498969,-3.4701173,0.70978934
-1.5262939,-2.9922829,0.6026264
-2.8288078,-3.5395603,0.7658615
1.3724664,-3.5534508,0.8506956
-0.49333936,-3.0120625,0.61320525
2.8325849,-2.5037467,0.88163084
-1.2539818,-2.2135305,0.64304626
-0.2446189,-1.70414,0.78047854
1.0080462,-1.2675065,1.3184347
-0.17912543,-1.036802,0.40735176
-0.45142347,-0.9674051,0.3685369
-1.3131766,-1.1612545,0.43709412
1.4541647,-1.0470836,0.36804563
-2.1127887,-0.5797173,0.6132965
0.037688255,-1.0115929,0.5987982
-2.037908,-1.2377008,0.4069397
-3.9718802,-0.9116936,0.789398
1.9592259,-1.0374515,0.513987
-0.43760774,-1.50795,0.44224963
-1.085935,-1.3915762,0.57681453
1.8584571,-1.728961,0.4508114
-0.34174103,-1.3260849,0.48891208
1.0922155,-1.0074267,0.41384038
-1.8589294,-1.3575878,0.7369454
-1.8299817,-1.485928,0.6237117
2.7954977,-1.9591283,0.6241051
1.2512999,-1.5190887,0.65790784
4.664175,-1.9545139,0.50172615
0.8051085,-1.5213718,0.6367688
2.8867054,-1.5186905,0.5318837
-0.37544802,-2.2075222,0.5031452
4.7321734,-1.8181492,0.40384167
2.08125,-1.9958012,0.45406505
2.4659672,-1.4362751,0.70717555
1.4360255,-1.3968525,0.5282099
1.93754,-1.3980074,0.47903633
3.1684656,-1.3512504,0.7079558
3.1363616,-1.488183,0.64302325
2.9878318,-1.2818604,0.45908725
-0.20162122,-1.3343005,0.6211503
2.1824276,-1.304449,0.51287895
1.220741,-1.2944626,0.29265463
2.6839857,-1.3041729,0.3508493
2.7410076,-1.2501715,0.37003154
-1.9743217,-1.4755528,0.45482093
3.533689,-1.4208134,0.37024125
1.3271675,-1.2082589,0.6338432
2.3653772,-1.4393917,0.4915869
-2.5864146,-1.3715739,0.34803566
4.377146,-1.4182568,0.52475506
2.4041195,-1.5973419,0.3844898
2.875416,-1.1650894,0.4468382
2.044522,-1.1063086,0.33428335
2.9474978,-1.2483648,0.35119697
5.9052033,-1.5140026,0.31187427
3.5935907,-1.3512791,0.40262288
4.9404225,-1.4536704,0.32007524
-0.16817611,-0.9744731,0.37546396
5.7632,-1.118347,0.42577025
4.8225083,-1.18757,0.3911629
3.3326497,-1.3859022,0.33438364
2.2452242,-1.353959,0.342604
3.5834231,-1.2342542,0.5785711
3.6459997,-1.3056792,0.35228503
5.9753046,-1.1469331,0.3517504
4.096812,-1.2790321,0.29311457
1.8658663,-1.204052,0.28320006
4.210757,-1.143261,0.83055484
1.002414,-0.8325751,0.44569597
3.6013794,-1.383483,0.3214591
2.9301808,-1.344725,0.30980736
3.8126264,-1.1435653,0.32252234
4.5113535,-1.3398237,0.27305958
3.2299128,-1.2072606,0.3292982
-2.2302911,-1.2928395,0.32256597
2.0051832,-1.172996,0.25207564
2.6293287,-1.1016243,0.3778056
6.008348,-1.3611456,0.30053127
2.9629798,-1.1558084,0.31902122
3.078653,-1.227856,0.30025163
1.8272835,-0.72357863,0.22720884
1.5573683,-0.9082775,0.30741847
0.98268515,-0.98253006,0.24398437
2.4151585,-0.65377444,0.2571574
1.2950976,-0.7910475,0.17995568
1.1440432,-1.1009423,0.26659632
1.1417005,-0.9248314,0.3782338
4.13851,-0.66879684,0.23455004
3.7989244,-0.7412695,0.6778362
4.987192,-1.3558997,0.25463918
1.7856042,-1.0797771,0.28365615
1.5921171,-1.0206367,0.30914003
2.1275969,-1.03851,0.23718423
-0.13797331,-0.854435,0.18950167
-1.3280461,-0.9554851,0.26568726
2.1154478,-0.9404164,0.23047498
3.8629446,-1.2955271,0.26102072
4.2455688,-1.1668317,0.26104772
6.062337,-1.1368886,0.26081273
4.648605,-0.72132,0.23102751
1.7944276,-1.0143024,0.2567643
5.399393,-0.90552634,0.21880817
3.4803615,-1.0129926,0.20436838
2.3133073,-0.86263734,0.179122
4.901381,-0.98760486,0.29303315
3.3208587,-0.77991545,0.48054883
4.8164563,-0.9504018,0.19240768
5.4168077,-1.2401515,0.2777774
4.6203365,-0.7624027,0.27191368
5.996087,-0.6840864,0.18927848
6.6280594,-0.98467773,0.33198535
6.0036335,-0.8904045,0.25647858
1.8088524,-0.94215107,0.2284658
5.364578,-0.73745626,0.31445912
4.954468,-0.76677966,0.2269092
5.8138595,-0.6603339,0.24906199
1.0572248,-0.7341735,0.17436369
2.3666027,-0.71563303,0.30991012
3.9714966,-0.83211815,0.23891702
0.8684124,-0.53940445,0.25001815
1.3084236,-0.49446785,0.16331911
4.883353,-0.6876423,0.19024807
5.48292,-0.93049437,0.18416588
2.9583397,-0.71597964,0.17910911
4.811018,-0.6619805,0.144413
3.7363932,-0.4448895,0.1119874
3.482385,-0.78514767,0.18577327
2.332306,-0.5086485,0.12175113
4.802414,-0.57118225,0.2048945
3.4695616,-0.66664964,0.14216642
1.899698,-0.511599,0.16107759
3.9717255,-0.65267634,0.1874355
2.0854008,-0.5709851,0.15986528
3.835727,-0.82125425,0.21055035
-0.23626173,-0.70334524,0.15449294
5.4004884,-0.62426335,0.13610508
5.18033,-0.5498234,0.12494393
3.1180673,-0.5558445,0.16614443
1.4858308,-0.38936883,0.17093253
1.0484902,-0.46413273,0.12514496
1.621387,-0.67776436,0.25771597
2.4375572,-0.6968696,0.14769763
2.5281684,-0.37704718,0.14698339
5.480924,-0.56264704,0.15150237
3.8585854,-0.57958275,0.14270172
1.730542,-0.39994338,0.22256051
3.3584619,-0.36608702,0.14048685
1.7857511,-0.39844158,0.10511028
1.8213521,-0.61053413,0.14167407
3.3652318,-0.5649062,0.14576596
0.88355845,-0.54068804,0.19649136
1.9131936,-0.86254174,0.1836752
3.092137,-0.6332441,0.14852905
-1.2537565,-0.30765253,0.16466065
3.389801,-0.5191859,0.1901722
2.6105206,-0.5003278,0.11931307
2.564852,-0.36336574,0.0987655
0.6370188,-0.5363498,0.1352408
2.2993488,-0.7381317,0.17549105
0.6187482,-0.39371908,0.07885294
-2.5493631,-0.23855431,0.122188285
3.7072792,-0.27145782,0.1662389
1.1519806,-0.434164,0.12884206
0.71569544,-0.39424664,0.12716998
0.842051,-0.37737393,0.10414434
4.1592894,-0.38462856,0.116846085
1.7241998,-0.17100243,0.18127662
3.244,-0.39973244,0.10711218
-0.6609147,-0.67693394,0.19032559
-0.45553434,-0.5178156,0.11261834
1.9725645,-0.50596356,0.13201247
1.1647607,-0.3792197,0.12804897
-0.36249557,-0.27311265,0.11717799
-0.59395117,-0.5873113,0.15233216
-3.1060345,-0.49545276,0.11681254
-0.009828448,-0.58974785,0.13513789
-1.7349832,-0.46251613,0.13574237
1.9695121,-0.48449793,0.116767734
2.268198,-0.8018899,0.15250991
-1.3024207,-0.42125958,0.13900566
-0.16264635,-0.29036042,0.098030105
1.1263393,-0.47388437,0.13771114
0.31293577,-0.411146,0.1672934
1.2569842,-0.61105794,0.14613274
0.031954408,-0.30752507,0.08912272
-0.7916508,-0.39926314,0.09380555
1.6819843,-0.30393976,0.09569767
-1.3665061,-0.2769575,0.109685145
0.43472853,-0.34940165,0.11576792
-0.6332222,-0.44963703,0.107666925
2.019,-0.35743043,0.10120318
0.431273,-0.36129656,0.124277316
-1.4287777,-0.45297834,0.106728725
-0.1330579,-0.3784171,0.11889704
-2.837313,-0.30239803,0.09481251
1.0710495,-0.33052707,0.12946196
-0.17158198,-0.6964869,0.13277593
1.9877988,-0.47823885,0.118832655
-0.23407775,-0.3804271,0.08775269
-0.9005894,-0.35912707,0.08201673
3.6936004,-0.23194371,0.18358101
-2.2065544,-0.09423342,0.09263225
1.271075,-0.17981713,0.10576969
1.8079816,-0.28093752,0.08448261
-2.490699,-0.18052319,0.10141608
2.2175243,-0.3099635,0.09424469
0.17048001,-0.3806659,0.09638645
-0.28233922,-0.15006253,0.1553829
-1.5950403,-0.2096255,0.08048832
-1.7412529,-0.22625847,0.07315892
0.5583209,-0.26396826,0.084157676
1.4084868,-0.39319006,0.10747485
0.9359025,-0.16744761,0.089008085
0.604028,-0.3014519,0.08779974
0.95721805,-0.3865153,0.100395575
0.95514303,-0.24117714,0.07972012
0.5062063,-0.15009643,0.08439658
0.56246173,-0.17727973,0.09541106
2.684105,-0.26750877,0.09108237
0.12696052,-0.3429448,0.072380185
3.9236937,-0.11796649,0.11955706
0.17948443,-0.5354411,0.10422826
-0.32182962,-0.37929252,0.06893727
-0.43575805,-0.116636224,0.08210794
-1.0207455,-0.26364177,0.0780041
-0.57543916,0.1485534,0.084271386
-0.9552719,-0.17507519,0.07937202
-1.2820227,-0.18029289,0.06489773
1.8563435,-0.27363774,0.09156541
0.4858278,-0.1487443,0.098620735
-0.6339377,-0.1920741,0.10367895
1.3373423,-0.14349185,0.06602709
0.19375187,-0.15613344,0.075790554
1.9430217,-0.11895437,0.07537189
-1.2070676,-0.13865094,0.06276764
2.1320407,-0.30534336,0.08120012
-1.6809586,-0.26306182,0.07848663
1.3338193,-0.20263645,0.052341424
-2.578211,-0.18752839,0.08410712
-1.2095478,-0.20664464,0.087741695
-2.2366214,-0.19810677,0.054788344
-3.5150127,-0.11176391,0.04440046
-2.962772,-0.32663754,0.08510094
-1.3237642,-0.1567679,0.0955927
-3.045953,0.015726475,0.058240347
-1.9990736,-0.16058406,0.06667098
1.8558543,-0.16915852,0.10589553
0.21051055,-0.1923922,0.0783874
0.7584437,-0.12626591,0.06698966
1.2861536,-0.22804677,0.07113646
-3.2544985,-0.08080404,0.04660113
-3.1922352,-0.17548022,0.062408786
-1.7618741,-0.17797063,0.048021805
-1.13919,-0.17623767,0.05768815
-3.1443977,-0.15931408,0.07287442
-0.32632083,-0.23461701,0.07595909
-1.2653723,0.054259937,0.058850832
-2.9652147,0.008573348,0.07645606
-3.8369312,-0.060711898,0.07743325
-5.8796997,-0.16892384,0.074867524
-0.18778098,-0.04559774,0.062717125
-2.0328088,-0.21977362,0.08312513
-0.9331771,-0.049441796,0.05370427
-0.3745985,-0.09708189,0.037394624
-1.2305448,-0.10611093,0.059912745
-0.8362419,-0.20005862,0.047056902
-0.61095285,-0.15884884,0.048472993
-3.9114122,-0.19383459,0.08534121
-4.21266,-0.088461235,0.05328219
-3.4909134,-0.14597239,0.059438758
-0.6101498,-0.10560249,0.06300464
-1.8703717,-0.10501219,0.06303725
-2.31001,-0.09788522,0.054263342
-0.7702568,-0.21041189,0.05052379
-2.1045983,-0.07957221,0.05284388
-1.7117329,-0.18738763,0.07648805
-3.7239544,-0.06408975,0.032482184
-1.5196791,0.013586052,0.038916513
-3.180136,-0.15997724,0.06551181
-1.0490749,-0.14484437,0.11538371
-4.025349,-0.105692476,0.054106735
-1.2181844,-0.13540204,0.0453752
-0.17908925,-0.11068081,0.043598905
1.6502576,-0.0036721784,0.04482002
-0.77322805,-0.112869315,0.039776277
-1.0812604,-0.19652031,0.055569503
-2.107426,-0.12172732,0.046734355
-0.029506445,-0.24205017,0.052006926
-2.8682797,-0.050941866,0.06205522
-0.31861538,-0.05266313,0.058707226
-3.0522218,-0.043221552,0.04090495
-1.0183737,-0.16696168,0.057024054
-0.8197535,-0.21732655,0.049630497
-1.8792316,-0.3454839,0.0690138
-3.796293,-0.16988257,0.056773055
0.35164154,-0.19902347,0.051123764
0.70736396,-0.2668719,0.06320221
-1.2498207,-0.13262293,0.058164157
0.5696074,-0.10395268,0.040331744
-2.9662175,-0.011998352,0.041925
-3.3016791,-0.023605354,0.048705097
-2.925838,-0.06759134,0.04131031
-2.6848485,-0.13822612,0.043675426
-2.5402899,-0.023805339,0.037411552
-2.5015204,-0.035804473,0.044952814
-1.4713287,-0.18519485,0.05312889
-1.252141,-0.06777977,0.07659248
-4.402815,-0.0246489,0.03982239
-4.1310706,-0.17757633,0.050764162
-2.3761454,-0.21811618,0.04489935
-4.3895125,-0.29011086,0.06597495
-3.5081475,-0.17924158,0.049695566
-2.6551976,-0.26339597,0.05436265
-3.7784371,-0.16811669,0.051220924
-3.7911823,-0.07944982,0.053396933
-4.4753675,-0.16224785,0.052398667
-5.3413754,-0.19911739,0.06264601
-4.8901634,-0.00031477958,0.07581496
-4.3641124,-0.01542743,0.054967374
-7.4252486,-0.04969783,0.06338698
-5.5630984,-0.19263683,0.049276803
-4.3935375,-0.08132258,0.039070103
-4.46367,-0.16439763,0.080739126
-5.01898,-0.03939827,0.041612595
-2.7879727,-0.25244406,0.043701228
0.31840622,-0.14569187,0.05601387
1.2778943,-0.18839192,0.049594596
0.08128303,-0.10748726,0.05136508
-4.5480347,-0.07355355,0.039128736
-3.1243963,-0.13545251,0.061974518
-1.9287539,-0.12224178,0.03875878
-3.6177347,-0.36342296,0.055222727
-2.8084517,-0.1708874,0.04341614
-4.586008,-0.08777927,0.055531923
-4.4449725,-0.33911955,0.064434215
-3.1370666,-0.13164267,0.03527038
-4.234841,-0.12775701,0.062337648
-3.0147629,-0.08217426,0.045470007
-2.5276647,-0.050201297,0.13337056
-3.7140987,-0.22967617,0.05355527
-3.0654926,-0.21618673,0.070884734
-2.4460492,-0.1404231,0.05694218
-4.535125,-0.1584534,0.049961332
-3.9271297,-0.2530026,0.035644785
-3.2453206,-0.109725565,0.05280113
-2.0050797,-0.005320266,0.04050226
-5.31784,-0.011022083,0.042750534
-1.4616281,-0.10206674,0.0635027
-1.8311986,-0.14835085,0.09906792
-2.8826623,-0.03167087,0.05638203
-1.5623267,0.0068309456,0.1280421
-2.416986,-0.32813305,0.08174144
-4.1218443,-0.11943455,0.06344642
-2.0147552,-0.07409238,0.094323725
-2.1627765,-0.01007246,0.071373716
-1.9304322,-0.17877895,0.04694659
-2.7688498,-0.3862762,0.06713605
-2.8402798,-0.123710886,0.047024578
-3.6862965,-0.23366772,0.04219976
-1.0438986,-0.12894103,0.05400078
-4.627109,-0.11000377,0.05682595
-3.2636023,-0.16838947,0.047926802
-2.6460302,-0.11669408,0.04941103
-2.5167785,-0.3611453,0.043423694
-1.3285517,-0.22823772,0.045600533
-1.4432203,-0.18054026,0.04580365
-3.2955277,-0.13515465,0.049871188
-4.430657,-0.11861294,0.038616657
-3.1243358,-0.014086734,0.04089461
-2.6898198,-0.16756521,0.04216508
-2.9578362,-0.084728554,0.0498559
-1.8746113,-0.16086708,0.031611115
-2.245219,-0.1282331,0.08936008
-4.628865,-0.13717143,0.035072587
-1.5720632,-0.088223934,0.046682894
-2.8622913,-0.2791011,0.14655346
-2.1427362,-0.26317558,0.03934458
-4.6266747,-0.023954418,0.06051731
-0.77270913,0.02904795,0.05066871
-4.0784535,-0.1375892,0.055988945
-3.4899697,-0.17380688,0.0849463
-1.0416725,-0.10346768,0.04934749
-2.5583122,-0.22149293,0.04431393
-1.09244,-0.122446686,0.05384854
-3.2412455,-0.10787619,0.04602849
-3.438153,-0.1291892,0.05037633
0.17338687,-0.012190619,0.037897628
-3.596536,-0.15595147,0.04280915
-2.7945795,-0.18019845,0.040444925
-1.8338821,-0.21610871,0.03877579
0.11750871,-0.115570016,0.039005924
0.26550657,0.083174944,0.23137635
-1.9492698,-0.17479917,0.04612615
0.7123912,-0.1689014,0.03741979
-1.9532502,-0.16214596,0.04672151
-1.7280116,-0.12994884,0.03900419
-0.017739875,-0.11825292,0.038770285
-0.7120056,-0.13299634,0.035832737
-0.36509147,-0.07720741,0.039520975
-1.4262115,-0.13839634,0.042705327
-0.11495207,-0.106543876,0.053556222
-1.4026263,-0.12976857,0.030050391
1.4296879,-0.14657634,0.041916177
-0.66964984,-0.08420059,0.02693496
-1.0855145,-0.14705533,0.048587948
-2.1272166,-0.2588333,0.04688422
-1.4526265,-0.09118974,0.03876288
-3.0725396,-0.019207671,0.04570935
-4.5509753,-0.04339905,0.042497028
-0.75509006,-0.10561605,0.033886623
-1.6238935,-0.104849845,0.04179746
-0.9777303,-0.13945499,0.0503271
-1.547825,-0.19232105,0.043114536
-1.8333198,-0.08253011,0.0415404
-1.8240004,-0.088568434,0.03234972
-0.028493762,-0.11039877,0.04504417
-2.751193,-0.26606014,0.041143272
-0.77476865,-0.032985512,0.05306249
-3.3361206,-0.17960384,0.06367135
-1.7305896,-0.053218625,0.08398687
1.4504106,-0.12421301,0.03891685
-2.6923928,0.04312059,0.082464635
-3.045062,0.00645185,1.211706
-3.9892063,-0.015928365,0.6910658
-6.4004107,0.041502938,0.14930569
-5.928622,-0.26358148,0.23499133
-6.7205215,-0.07157193,0.13150951
-2.251797,0.12926805,0.46113783
-3.5053964,-0.009107895,0.07473181
-1.4120065,-0.06969682,0.25975913
-3.57017,-0.0070652496,0.2992343
-3.2222013,0.015430804,0.2690013
-6.2696643,-0.22396131,0.12402708
-6.1153374,-0.31031126,0.30040285
-4.0700793,-0.008279713,0.11116815
-3.1418643,0.005813838,0.07308066
-3.7804122,-0.19517452,0.13545808
-3.630206,-0.09741253,0.06414024
-5.3513203,-5.5719167e-05,0.043990932
-2.788056,-0.0123197995,0.09234011
-2.2701385,-0.042978384,0.11759391
-3.0798273,-0.00059726276,0.12069588
-3.643118,-0.017110396,0.05973039
-5.832412,-0.081464715,0.03671967
-3.6332161,0.16548276,0.117951386
-2.322841,-0.0027343268,0.79739034
-1.6347601,-0.078184724,0.13239495
-3.0618432,0.078687005,0.15656133
-1.0060757,-0.13497391,0.4155627
-0.42860204,0.040726427,0.40107316
-3.4264514,-0.20034488,0.08562048
-4.0008492,-0.12692364,0.17682841
-3.187469,-0.08784873,0.11273292
-0.5908277,-0.008379908,0.13258956
-2.660129,0.08151747,0.1754579
-3.314291,-0.15663673,0.043185238
-1.8648009,-0.74139905,0.20634297
-0.04545772,0.08342448,0.06015216
-4.1257524,0.24271427,0.05924205
-1.8565415,-0.253021,0.05199979
-2.0859332,0.09339726,1.8495611
-1.6957915,0.065642014,0.049462825
-1.7582026,0.091753304,0.06921304
-4.3553257,-0.00061841495,0.113996424
-2.1213243,-0.1305077,0.05261492
-3.761365,-0.22142941,0.045708213
-0.9085096,-0.089651704,0.04994369
-1.3213891,-0.22187683,0.04980059
-1.1992182,-0.07223911,0.05708281
-0.83815897,-0.10650037,0.04873379
-0.517748,-0.11407331,0.05480971
-0.76162636,-0.189223,0.043229673
-0.2701323,-0.39129356,0.07275229
-0.22637844,-0.7468597,0.17640315
-2.9736612,-0.05655709,0.0915587
-0.47000146,-0.12181981,0.08489255
-3.6666734,-0.052912258,0.13445948
-1.7741468,-0.035489097,0.12002456
-2.3328445,-0.13807592,0.06006206
-3.7175972,-0.12058336,0.11985597
1.8270125,-0.18303609,0.05884443
-0.3302642,-0.27030027,0.07093825
-2.662903,-0.18921334,0.03180894
-0.9597895,-0.1536888,0.06064941
-3.167829,-0.16174185,0.062168907
-1.5525794,-0.15243603,0.03874213
-1.6448213,0.011888555,0.106595635
-2.316739,-0.07157175,0.034424394
-3.066039,0.020030677,0.09166795
-5.2152343,-0.03809535,0.03883745
-3.967917,-0.13256454,0.0876833
-3.1730196,-0.048343524,0.04954457
-3.8335242,0.03522547,0.04270107
-1.198011,-0.16797958,0.042733256
-3.0613477,0.14288062,0.09283023
-1.9250412,-0.015249311,0.3142195
-4.2536774,-0.0863238,0.050080694
